158 0
193 0
177 0
170 0
180 0
211 0
147 0
107 0
162 0
156 0
146 0
200 0
138 0
160 0
203 0
204 0
172 0
207 0
163 0
205 0
213 0
114 0
130 0
154 0
186 0
184 0
153 1
115 1
224 1
223 1
201 1
218 1
127 1
137 1
215 1
161 1
206 1
101 1
168 1
131 1
216 1
120 1
188 1
167 1
210 1
197 1
183 1
152 1
173 1
108 1
208 1
105 2
110 2
116 2
196 2
182 2
222 2
166 2
209 2
144 2
111 2
165 2
148 2
164 2
159 2
121 2
157 2
217 2
123 2
169 2
179 2
190 2
125 2
129 2
225 2
136 2
118 3
185 3
112 3
124 3
104 3
195 3
175 3
212 3
140 3
219 3
132 3
142 3
220 3
122 3
191 3
128 3
226 3
141 3
103 3
134 3
117 3
192 3
106 3
155 3
199 3
174 4
145 4
151 4
176 4
178 4
133 4
198 4
214 4
149 4
143 4
187 4
202 4
119 4
194 4
126 4
150 4
171 4
102 4
109 4
113 4
139 4
189 4
181 4
221 4
135 4
